0.0001026,0
8.7073e-05,0.0092103
-3.8176e-05,0.018421
4.2889e-05,0.027631
-2.9913e-05,0.036841
-8.9987e-05,0.046052
6.3475e-05,0.055262
6.7454e-06,0.064472
-1.8712e-05,0.073683
2.9173e-05,0.082893
9.8769e-05,0.092103
3.9293e-05,0.10131
1.9455e-05,0.11052
2.7978e-05,0.11973
5.122e-06,0.12894
-7.7447e-05,0.13816
7.8678e-05,0.14737
0.00014089,0.15658
-5.341e-05,0.16579
0.00019278,0.175
-1.7625e-05,0.18421
-2.4375e-05,0.19342
-8.976e-05,0.20263
-7.9234e-05,0.21184
-9.5297e-05,0.22105
3.5391e-05,0.23026
0.0001597,0.23947
5.2747e-05,0.24868
8.542e-05,0.25789
0.00013418,0.2671
-0.00024995,0.27631
-1.6756e-05,0.28552
3.5302e-05,0.29473
7.1725e-05,0.30394
-0.00013049,0.31315
-0.00010059,0.32236
7.9068e-05,0.33157
-1.1657e-05,0.34078
5.5309e-05,0.34999
-9.6064e-05,0.3592
-0.00016338,0.36841
7.612e-05,0.37762
0.00011933,0.38683
0.00016321,0.39604
-0.00015322,0.40525
-0.00013369,0.41447
-0.00014738,0.42368
-4.1663e-06,0.43289
-6.1551e-05,0.4421
0.00013142,0.45131
-0.00014551,0.46052
-0.00017423,0.46973
2.053e-05,0.47894
0.00011929,0.48815
-8.0282e-05,0.49736
-0.00012656,0.50657
-1.4933e-05,0.51578
-0.00016364,0.52499
1.7344e-06,0.5342
8.2839e-05,0.54341
2.1774e-05,0.55262
-0.00019092,0.56183
-5.3682e-05,0.57104
-3.0203e-05,0.58025
0.00018136,0.58946
9.1485e-05,0.59867
-5.7081e-06,0.60788
0.00013094,0.61709
-0.00010447,0.6263
-3.4827e-05,0.63551
0.00014126,0.64472
0.00015024,0.65393
7.3038e-05,0.66314
4.9075e-05,0.67235
-5.8613e-05,0.68157
7.449e-05,0.69078
-8.2815e-05,0.69999
5.7452e-05,0.7092
2.8184e-05,0.71841
0.00011393,0.72762
-4.2587e-05,0.73683
6.3614e-05,0.74604
7.9318e-05,0.75525
-8.9838e-05,0.76446
1.5624e-05,0.77367
0.00015973,0.78288
1.1244e-05,0.79209
-3.0862e-05,0.8013
4.5666e-05,0.81051
-2.751e-05,0.81972
4.4314e-05,0.82893
-1.3477e-05,0.83814
-1.8328e-06,0.84735
4.6079e-05,0.85656
0.00013623,0.86577
4.5187e-05,0.87498
0.00016484,0.88419
-0.00020284,0.8934
-4.4926e-05,0.90261
2.3599e-05,0.91182
-8.3517e-05,0.92103
-0.0001276,0.93024
6.1704e-05,0.93945
6.127e-05,0.94867
2.8938e-05,0.95788
3.9532e-05,0.96709
-8.7056e-05,0.9763
-4.9769e-05,0.98551
-1.0667e-05,0.99472
-6.8783e-05,1.0039
3.3188e-05,1.0131
0.00023652,1.0223
-4.8223e-05,1.0316
6.4745e-05,1.0408
-0.00010344,1.05
0.00013396,1.0592
-9.6914e-05,1.0684
2.0872e-05,1.0776
-6.1859e-05,1.0868
5.1202e-05,1.096
1.1354e-06,1.1052
-4.3989e-06,1.1145
0.00029491,1.1237
-6.3005e-05,1.1329
-4.6879e-06,1.1421
0.0002683,1.1513
-0.00011467,1.1605
5.53e-05,1.1697
-0.00010765,1.1789
0.00010306,1.1881
3.2753e-05,1.1973
6.5212e-05,1.2066
-2.7886e-05,1.2158
2.4519e-05,1.225
0.00014725,1.2342
-0.00022751,1.2434
-0.00016333,1.2526
4.1547e-05,1.2618
-6.5477e-05,1.271
-2.9635e-05,1.2802
-0.00014969,1.2894
-9.0483e-05,1.2987
-4.0418e-05,1.3079
-7.258e-05,1.3171
-8.6649e-05,1.3263
-4.2185e-05,1.3355
-9.4267e-05,1.3447
0.00013419,1.3539
-9.8843e-05,1.3631
0.00018179,1.3723
-3.7444e-05,1.3816
-0.00014517,1.3908
-6.1868e-05,1.4
9.345e-05,1.4092
0.00010559,1.4184
1.6023e-05,1.4276
2.874e-05,1.4368
6.3291e-05,1.446
-0.0001459,1.4552
-5.8171e-05,1.4644
-0.00018301,1.4737
-4.491e-05,1.4829
9.4927e-05,1.4921
7.1744e-05,1.5013
0.00022878,1.5105
1.6673e-05,1.5197
-0.00021565,1.5289
0.00016894,1.5381
0.00012823,1.5473
-5.8263e-05,1.5565
2.2261e-05,1.5658
7.7945e-05,1.575
3.8471e-05,1.5842
6.9637e-05,1.5934
-1.1272e-05,1.6026
-3.8824e-06,1.6118
8.8089e-06,1.621
-7.8966e-05,1.6302
0.0001423,1.6394
6.3317e-07,1.6487
6.8648e-05,1.6579
-8.5493e-05,1.6671
-0.00010752,1.6763
-9.0967e-06,1.6855
-2.5277e-05,1.6947
0.00011948,1.7039
6.0606e-05,1.7131
5.4051e-05,1.7223
-0.00014449,1.7315
-9.6769e-05,1.7408
2.0205e-05,1.75
-3.4788e-05,1.7592
0.00012901,1.7684
0.00013412,1.7776
-5.808e-05,1.7868
8.7514e-05,1.796
0.00013954,1.8052
3.2099e-05,1.8144
0.00016234,1.8236
0.00010624,1.8329
2.1411e-05,1.8421
8.768e-05,1.8513
1.9441e-05,1.8605
-4.1489e-05,1.8697
3.5846e-05,1.8789
3.6223e-06,1.8881
-3.6463e-05,1.8973
0.0001771,1.9065
2.2127e-05,1.9158
0.00027304,1.925
-2.9617e-05,1.9342
5.643e-05,1.9434
0.00015826,1.9526
0.00027292,1.9618
3.0356e-05,1.971
-7.9026e-05,1.9802
8.0338e-05,1.9894
-0.00013199,1.9986
-2.7385e-05,2.0079
2.7187e-05,2.0171
0.00014896,2.0263
0.00014371,2.0355
-2.7561e-06,2.0447
9.2393e-05,2.0539
-3.2128e-05,2.0631
6.6112e-05,2.0723
0.00019153,2.0815
1.5676e-05,2.0907
-3.0054e-05,2.1
-5.0003e-05,2.1092
7.1647e-05,2.1184
0.00013373,2.1276
0.00021257,2.1368
5.4046e-06,2.146
1.6304e-05,2.1552
-6.3271e-05,2.1644
0.0001612,2.1736
-7.5449e-06,2.1829
-4.7324e-05,2.1921
0.00021842,2.2013
8.0988e-05,2.2105
7.1634e-05,2.2197
-0.00010056,2.2289
4.3399e-05,2.2381
5.2014e-05,2.2473
-0.00010922,2.2565
-2.2579e-05,2.2657
-4.0492e-05,2.275
5.2786e-05,2.2842
-0.0001007,2.2934
0.0001089,2.3026
0.00017849,2.3118
-3.0375e-05,2.321
-8.6966e-07,2.3302
5.0664e-05,2.3394
0.00012033,2.3486
5.2202e-05,2.3578
3.9705e-05,2.3671
-4.8281e-05,2.3763
-2.315e-05,2.3855
6.1339e-05,2.3947
0.00016829,2.4039
5.6839e-05,2.4131
-0.0001206,2.4223
4.3306e-05,2.4315
-9.2121e-06,2.4407
-2.4405e-05,2.45
-2.1919e-05,2.4592
-8.7977e-05,2.4684
-3.208e-05,2.4776
-7.8442e-05,2.4868
-3.6496e-05,2.496
1.1727e-05,2.5052
1.7434e-05,2.5144
-2.1566e-05,2.5236
-1.5261e-05,2.5328
3.3688e-06,2.5421
4.5828e-05,2.5513
0.00012816,2.5605
6.2009e-05,2.5697
-2.8667e-05,2.5789
5.9802e-05,2.5881
-2.4553e-05,2.5973
-0.00017807,2.6065
-0.00023472,2.6157
-0.00017136,2.6249
-2.3713e-05,2.6342
-6.1963e-05,2.6434
-7.2016e-05,2.6526
4.0657e-06,2.6618
-6.5898e-05,2.671
-6.3052e-05,2.6802
6.0963e-05,2.6894
7.8233e-05,2.6986
0.00024366,2.7078
3.0241e-05,2.7171
5.832e-06,2.7263
-5.7413e-05,2.7355
-1.9521e-05,2.7447
-5.0531e-06,2.7539
-0.00017558,2.7631
-2.5736e-05,2.7723
7.4954e-05,2.7815
-5.7076e-05,2.7907
4.9423e-05,2.7999
9.9144e-05,2.8092
0.00010771,2.8184
7.7684e-05,2.8276
-0.00022598,2.8368
-5.6438e-05,2.846
9.0149e-05,2.8552
3.9468e-05,2.8644
4.8544e-07,2.8736
4.3692e-05,2.8828
0.00011301,2.892
1.5377e-05,2.9013
-7.5863e-05,2.9105
-1.8016e-05,2.9197
-2.0779e-05,2.9289
8.9675e-05,2.9381
4.1231e-05,2.9473
5.4752e-05,2.9565
1.4784e-05,2.9657
-3.6227e-05,2.9749
6.1141e-06,2.9842
2.1671e-05,2.9934
-0.00013981,3.0026
1.7887e-05,3.0118
9.2758e-05,3.021
-1.1018e-05,3.0302
0.00015724,3.0394
5.6049e-05,3.0486
-4.2034e-05,3.0578
-1.5395e-05,3.067
-2.752e-05,3.0763
2.4112e-05,3.0855
7.5469e-05,3.0947
-2.9191e-05,3.1039
4.5845e-05,3.1131
0.00017553,3.1223
9.3149e-05,3.1315
8.2526e-05,3.1407
-8.1481e-05,3.1499
-5.342e-05,3.1591
2.4255e-05,3.1684
-1.0065e-05,3.1776
-0.0001625,3.1868
-0.00015144,3.196
0.00010262,3.2052
-7.5813e-05,3.2144
0.00020783,3.2236
-0.0002222,3.2328
4.4876e-05,3.242
6.2612e-08,3.2513
-7.5624e-05,3.2605
4.0432e-05,3.2697
-7.9385e-05,3.2789
8.5978e-05,3.2881
6.6869e-06,3.2973
-0.00016394,3.3065
-0.00024247,3.3157
-2.8383e-05,3.3249
0.00011458,3.3341
1.8117e-05,3.3434
5.425e-06,3.3526
6.8775e-05,3.3618
-0.00013934,3.371
0.00014254,3.3802
-8.9385e-05,3.3894
3.7765e-06,3.3986
-3.6357e-05,3.4078
1.4956e-05,3.417
-0.00019445,3.4262
0.00015239,3.4355
5.4581e-05,3.4447
0.00020099,3.4539
0.00014167,3.4631
1.1481e-06,3.4723
-9.3905e-05,3.4815
-0.00017389,3.4907
1.6971e-06,3.4999
2.1916e-05,3.5091
0.00010458,3.5184
-9.5098e-05,3.5276
7.948e-05,3.5368
7.143e-06,3.546
-7.7369e-05,3.5552
7.7416e-05,3.5644
2.6565e-05,3.5736
-2.3511e-05,3.5828
0.00018773,3.592
6.0924e-05,3.6012
-1.1027e-05,3.6105
2.7746e-05,3.6197
8.7046e-06,3.6289
1.7359e-05,3.6381
4.5359e-05,3.6473
-6.0352e-05,3.6565
-7.9702e-05,3.6657
3.6065e-05,3.6749
0.00018851,3.6841
-3.0682e-05,3.6933
-0.00010127,3.7026
-2.3855e-05,3.7118
-4.8401e-05,3.721
-3.2734e-05,3.7302
4.7552e-05,3.7394
-1.3e-05,3.7486
-5.9435e-05,3.7578
-4.4377e-05,3.767
-0.00013225,3.7762
-8.5952e-05,3.7854
-0.0001413,3.7947
-5.1599e-05,3.8039
-0.00010851,3.8131
-7.0716e-05,3.8223
-3.0165e-05,3.8315
-0.00012004,3.8407
-1.9362e-06,3.8499
3.4037e-05,3.8591
-9.6323e-05,3.8683
0.00011139,3.8776
-0.00015861,3.8868
-3.9179e-05,3.896
-0.00014847,3.9052
-3.4463e-05,3.9144
-0.00013239,3.9236
-5.7483e-05,3.9328
-7.4071e-05,3.942
-0.0001185,3.9512
-0.00020649,3.9604
5.6506e-05,3.9697
0.00020001,3.9789
0.00022233,3.9881
-4.9218e-05,3.9973
-4.5999e-06,4.0065
-4.6563e-05,4.0157
7.666e-06,4.0249
-9.1637e-05,4.0341
-0.00019135,4.0433
-2.4091e-06,4.0525
-0.00012026,4.0618
-0.00018648,4.071
0.00024329,4.0802
-1.4657e-05,4.0894
5.2683e-05,4.0986
0.00013607,4.1078
-0.00014612,4.117
7.0287e-05,4.1262
8.6938e-05,4.1354
5.41e-05,4.1447
7.1907e-05,4.1539
1.5022e-05,4.1631
0.00015321,4.1723
1.0429e-05,4.1815
3.1762e-05,4.1907
0.00020139,4.1999
0.00031644,4.2091
0.00012956,4.2183
0.00013958,4.2275
0.00025424,4.2368
0.00034545,4.246
0.0003612,4.2552
0.00031898,4.2644
0.00025741,4.2736
0.000414,4.2828
0.00037451,4.292
0.00055271,4.3012
0.00030791,4.3104
0.00049763,4.3196
0.00064825,4.3289
0.00050649,4.3381
0.00053108,4.3473
0.00053857,4.3565
0.00064315,4.3657
0.00069072,4.3749
0.00076478,4.3841
0.00070362,4.3933
0.00084149,4.4025
0.0008145,4.4118
0.00087996,4.421
0.0008752,4.4302
0.0009731,4.4394
0.0014008,4.4486
0.001427,4.4578
0.0012433,4.467
0.0012496,4.4762
0.0010852,4.4854
0.0011965,4.4946
0.0012346,4.5039
0.0013914,4.5131
0.001427,4.5223
0.00143,4.5315
0.001425,4.5407
0.0014059,4.5499
0.0015378,4.5591
0.0016894,4.5683
0.0016557,4.5775
0.0016679,4.5867
0.0017516,4.596
0.0017795,4.6052
0.0015939,4.6144
0.0017911,4.6236
0.0017794,4.6328
0.0016505,4.642
0.001752,4.6512
0.001883,4.6604
0.0020266,4.6696
0.0019493,4.6789
0.0020257,4.6881
0.0019359,4.6973
0.0018352,4.7065
0.0020846,4.7157
0.0020034,4.7249
0.002238,4.7341
0.0023155,4.7433
0.0021251,4.7525
0.0023008,4.7617
0.0022951,4.771
0.0020755,4.7802
0.0022299,4.7894
0.0022747,4.7986
0.0023152,4.8078
0.002344,4.817
0.0023562,4.8262
0.0023681,4.8354
0.0022796,4.8446
0.0023585,4.8538
0.0021041,4.8631
0.0022205,4.8723
0.0024646,4.8815
0.0022847,4.8907
0.0023889,4.8999
0.0025117,4.9091
0.0022759,4.9183
0.002272,4.9275
0.0023211,4.9367
0.0024162,4.946
0.0023527,4.9552
0.0022757,4.9644
0.002216,4.9736
0.0023354,4.9828
0.0023488,4.992
0.0023154,5.0012
0.0023402,5.0104
0.0022538,5.0196
0.0024147,5.0288
0.0021382,5.0381
0.0023657,5.0473
0.0024132,5.0565
0.0022561,5.0657
0.0023296,5.0749
0.0023585,5.0841
0.0022615,5.0933
0.0023149,5.1025
0.0023505,5.1117
0.0022084,5.1209
0.0023781,5.1302
0.0023964,5.1394
0.0023112,5.1486
0.0022725,5.1578
0.0021463,5.167
0.0023039,5.1762
0.0021243,5.1854
0.0023964,5.1946
0.0022813,5.2038
0.0022464,5.2131
0.0021718,5.2223
0.0019847,5.2315
0.0020739,5.2407
0.0022211,5.2499
0.002417,5.2591
0.002241,5.2683
0.0021892,5.2775
0.0020953,5.2867
0.0021531,5.2959
0.0022285,5.3052
0.0020984,5.3144
0.0023046,5.3236
0.0019851,5.3328
0.0020614,5.342
0.0020963,5.3512
0.0018877,5.3604
0.0021319,5.3696
0.0020756,5.3788
0.0020685,5.388
0.0021326,5.3973
0.0021505,5.4065
0.0021194,5.4157
0.0019856,5.4249
0.0020213,5.4341
0.002055,5.4433
0.0018878,5.4525
0.001904,5.4617
0.0019591,5.4709
0.0020041,5.4802
0.0021701,5.4894
0.0020656,5.4986
0.0019367,5.5078
0.0019134,5.517
0.0021252,5.5262
0.0022409,5.5354
0.0019802,5.5446
0.0019117,5.5538
0.0018147,5.563
0.00205,5.5723
0.0019782,5.5815
0.0020627,5.5907
0.0018525,5.5999
0.0019648,5.6091
0.0018728,5.6183
0.0020635,5.6275
0.0018788,5.6367
0.0019233,5.6459
0.0018955,5.6551
0.0020282,5.6644
0.0019703,5.6736
0.0018258,5.6828
0.001862,5.692
0.0018198,5.7012
0.0019743,5.7104
0.0019563,5.7196
0.0017592,5.7288
0.0017318,5.738
0.0019183,5.7473
0.0019921,5.7565
0.0019394,5.7657
0.0017684,5.7749
0.001768,5.7841
0.0020104,5.7933
0.0019098,5.8025
0.0018864,5.8117
0.0020574,5.8209
0.0018471,5.8301
0.0019413,5.8394
0.0019706,5.8486
0.0020119,5.8578
0.0018458,5.867
0.0019682,5.8762
0.0022087,5.8854
0.001784,5.8946
0.0019802,5.9038
0.0019154,5.913
0.0018572,5.9222
0.0018583,5.9315
0.001993,5.9407
0.0021765,5.9499
0.0018673,5.9591
0.0020025,5.9683
0.0018943,5.9775
0.0021496,5.9867
0.0020083,5.9959
0.0019418,6.0051
0.0020194,6.0144
0.0019587,6.0236
0.0020718,6.0328
0.0019444,6.042
0.0018526,6.0512
0.0019913,6.0604
0.0021245,6.0696
0.0018506,6.0788
0.0019478,6.088
0.0020743,6.0972
0.0017835,6.1065
0.0020398,6.1157
0.0020542,6.1249
0.002002,6.1341
0.0019052,6.1433
0.0019832,6.1525
0.0019948,6.1617
0.0020805,6.1709
0.0020549,6.1801
0.001955,6.1893
0.0021535,6.1986
0.0019878,6.2078
0.001913,6.217
0.0019517,6.2262
0.0020827,6.2354
0.0020176,6.2446
0.0020882,6.2538
0.0020074,6.263
0.0022503,6.2722
0.0018361,6.2815
0.0019621,6.2907
0.0019962,6.2999
0.0020145,6.3091
0.0021521,6.3183
0.0020293,6.3275
0.0019967,6.3367
0.0020158,6.3459
0.0020848,6.3551
0.0019414,6.3643
0.0020561,6.3736
0.0018551,6.3828
0.0020043,6.392
0.0019185,6.4012
0.0019479,6.4104
0.0020419,6.4196
0.0019015,6.4288
0.0019155,6.438
0.0018631,6.4472
0.0017922,6.4564
0.0020001,6.4657
0.0021318,6.4749
0.0019975,6.4841
0.0019924,6.4933
0.0019113,6.5025
0.0021744,6.5117
0.0019912,6.5209
0.0021455,6.5301
0.0020523,6.5393
0.0019898,6.5486
0.0021243,6.5578
0.0021142,6.567
0.0020048,6.5762
0.0021454,6.5854
0.0021938,6.5946
0.0020089,6.6038
0.0019897,6.613
0.0020555,6.6222
0.00205,6.6314
0.0020954,6.6407
0.0019888,6.6499
0.0020856,6.6591
0.0021187,6.6683
0.0020313,6.6775
0.0020286,6.6867
0.0018875,6.6959
0.0018953,6.7051
0.0018661,6.7143
0.0018875,6.7235
0.001996,6.7328
0.0018497,6.742
0.0022354,6.7512
0.0020844,6.7604
0.0018033,6.7696
0.0018943,6.7788
0.0019986,6.788
0.0018377,6.7972
0.0019626,6.8064
0.0021173,6.8157
0.0019914,6.8249
0.0020007,6.8341
0.0019069,6.8433
0.0019511,6.8525
0.0018711,6.8617
0.0020423,6.8709
0.0019603,6.8801
0.0020835,6.8893
0.0021285,6.8985
0.0021122,6.9078
0.0020006,6.917
0.0019534,6.9262
0.001881,6.9354
0.002015,6.9446
0.0020987,6.9538
0.0019684,6.963
0.0019848,6.9722
0.0020635,6.9814
0.002088,6.9906
0.0018596,6.9999
0.002021,7.0091
0.0020203,7.0183
0.0019854,7.0275
0.0020895,7.0367
0.0019636,7.0459
0.0019171,7.0551
0.0020271,7.0643
0.0020453,7.0735
0.0019773,7.0828
0.0020785,7.092
0.0018469,7.1012
0.001891,7.1104
0.0016911,7.1196
0.0020503,7.1288
0.0018989,7.138
0.0019726,7.1472
0.0020987,7.1564
0.0020027,7.1656
0.0019535,7.1749
0.0019125,7.1841
0.0019732,7.1933
0.0020575,7.2025
0.0018455,7.2117
0.0019902,7.2209
0.0020752,7.2301
0.0018548,7.2393
0.0020638,7.2485
0.0020651,7.2577
0.0019085,7.267
0.0018463,7.2762
0.00204,7.2854
0.0020775,7.2946
0.0020545,7.3038
0.0020729,7.313
0.0018784,7.3222
0.002055,7.3314
0.0019387,7.3406
0.0019405,7.3499
0.0018411,7.3591
0.0021067,7.3683
0.0020142,7.3775
0.0020971,7.3867
0.0021479,7.3959
0.0018831,7.4051
0.0020612,7.4143
0.0019957,7.4235
0.0020884,7.4327
0.0021078,7.442
0.0020792,7.4512
0.0019154,7.4604
0.0019846,7.4696
0.0020237,7.4788
0.0023132,7.488
0.0021201,7.4972
0.0022296,7.5064
0.002039,7.5156
0.0020188,7.5248
0.002059,7.5341
0.001945,7.5433
0.002122,7.5525
0.0019822,7.5617
0.0018607,7.5709
0.0020852,7.5801
0.0018413,7.5893
0.0018139,7.5985
0.0020272,7.6077
0.0019033,7.617
0.0019074,7.6262
0.0019824,7.6354
0.0019498,7.6446
0.0019765,7.6538
0.002026,7.663
0.001882,7.6722
0.0018766,7.6814
0.0017891,7.6906
0.0019601,7.6998
0.0020656,7.7091
0.001929,7.7183
0.0020495,7.7275
0.0020534,7.7367
0.0020985,7.7459
0.0020985,7.7551
0.0019307,7.7643
0.001914,7.7735
0.0020046,7.7827
0.0019333,7.7919
0.0021451,7.8012
0.0021379,7.8104
0.0020095,7.8196
0.0019573,7.8288
0.0020511,7.838
0.0019345,7.8472
0.0019876,7.8564
0.0019471,7.8656
0.0020108,7.8748
0.0021131,7.8841
0.0020745,7.8933
0.0021147,7.9025
0.0019089,7.9117
0.0020184,7.9209
0.0019021,7.9301
0.0020389,7.9393
0.0020331,7.9485
0.0021301,7.9577
0.0021105,7.9669
0.0020659,7.9762
0.0019501,7.9854
0.001953,7.9946
0.0017955,8.0038
0.0019558,8.013
0.0018455,8.0222
0.0020936,8.0314
0.0020909,8.0406
0.0020145,8.0498
0.0019628,8.059
0.002015,8.0683
0.0021612,8.0775
0.0021356,8.0867
0.0019559,8.0959
0.0020175,8.1051
0.0018886,8.1143
0.0020408,8.1235
0.0020746,8.1327
0.0020907,8.1419
0.0018476,8.1512
0.0020511,8.1604
0.0019143,8.1696
0.001963,8.1788
0.0020795,8.188
0.0020305,8.1972
0.0019843,8.2064
0.0020613,8.2156
0.0021641,8.2248
0.0019383,8.234
0.0018656,8.2433
0.0018844,8.2525
0.0019061,8.2617
0.0019334,8.2709
0.0020582,8.2801
0.0017919,8.2893
0.0020241,8.2985
0.0019227,8.3077
0.0021104,8.3169
0.0019149,8.3261
0.0020012,8.3354
0.0019067,8.3446
0.0019323,8.3538
0.0019744,8.363
0.0019775,8.3722
0.0019479,8.3814
0.0021132,8.3906
0.0020553,8.3998
0.0021858,8.409
0.0019726,8.4183
0.0021069,8.4275
0.0017903,8.4367
0.0020641,8.4459
0.0020374,8.4551
0.0019628,8.4643
0.0020697,8.4735
0.0020879,8.4827
0.0021035,8.4919
0.0020421,8.5011
0.0020602,8.5104
0.0019327,8.5196
0.0018906,8.5288
0.0019733,8.538
0.0020187,8.5472
0.0020952,8.5564
0.001921,8.5656
0.0019511,8.5748
0.0022975,8.584
0.0019378,8.5932
0.002192,8.6025
0.0020961,8.6117
0.0019442,8.6209
0.0019893,8.6301
0.0019785,8.6393
0.0020473,8.6485
0.0021365,8.6577
0.0018362,8.6669
0.0022023,8.6761
0.0020777,8.6854
0.001945,8.6946
0.0019873,8.7038
0.0020299,8.713
0.0020295,8.7222
0.00212,8.7314
0.0021089,8.7406
0.001964,8.7498
0.0019869,8.759
0.0020733,8.7682
0.0020119,8.7775
0.0021135,8.7867
0.0019312,8.7959
0.002047,8.8051
0.0020287,8.8143
0.002139,8.8235
0.0018653,8.8327
0.0019999,8.8419
0.0020052,8.8511
0.0017657,8.8603
0.0021247,8.8696
0.0022808,8.8788
0.0019766,8.888
0.0020286,8.8972
0.0019534,8.9064
0.0020383,8.9156
0.0019619,8.9248
0.0019897,8.934
0.0021617,8.9432
0.0019151,8.9525
0.0019423,8.9617
0.0019923,8.9709
0.0019866,8.9801
0.0021438,8.9893
0.002203,8.9985
0.0019021,9.0077
0.0019358,9.0169
0.0020519,9.0261
0.0019618,9.0353
0.0021992,9.0446
0.0021635,9.0538
0.0020558,9.063
0.0020563,9.0722
0.0019661,9.0814
0.0020763,9.0906
0.0021126,9.0998
0.0020141,9.109
0.0021927,9.1182
0.002067,9.1274
0.0019889,9.1367
0.002037,9.1459
0.0021096,9.1551
0.0019601,9.1643
0.0019914,9.1735
0.0022373,9.1827
0.0019525,9.1919
0.0020946,9.2011
0.0020818,9.2103
0.0021588,9.2196
0.0020525,9.2288
0.0017534,9.238
0.0019147,9.2472
0.0020511,9.2564
0.0020257,9.2656
0.0021962,9.2748
0.0021406,9.284
0.0020497,9.2932
0.0020083,9.3024
0.0018451,9.3117
0.0021863,9.3209
0.0020134,9.3301
0.0018454,9.3393
0.0020433,9.3485
0.0020103,9.3577
0.001943,9.3669
0.0020493,9.3761
0.0019292,9.3853
0.0018652,9.3945
0.0018246,9.4038
0.0019636,9.413
0.0019373,9.4222
0.002044,9.4314
0.0018497,9.4406
0.0019792,9.4498
0.0018495,9.459
0.002181,9.4682
0.0019883,9.4774
0.0021226,9.4867
0.0020495,9.4959
0.0020909,9.5051
0.0018846,9.5143
0.0021258,9.5235
0.0021453,9.5327
0.0017923,9.5419
0.0019824,9.5511
0.0019348,9.5603
0.0020157,9.5695
0.001915,9.5788
0.0020279,9.588
0.0020597,9.5972
0.0020245,9.6064
0.0019882,9.6156
0.0018711,9.6248
0.0020058,9.634
0.0019479,9.6432
0.0018721,9.6524
0.0019944,9.6616
0.0019791,9.6709
0.0020192,9.6801
0.0020993,9.6893
0.0020577,9.6985
0.0021306,9.7077
0.0019271,9.7169
0.0019136,9.7261
0.0019905,9.7353
0.0021384,9.7445
0.0021304,9.7538
0.0019874,9.763
0.0019403,9.7722
0.001848,9.7814
0.0020672,9.7906
0.0020023,9.7998
0.0018822,9.809
0.0019666,9.8182
0.0018171,9.8274
0.002043,9.8366
0.0019826,9.8459
0.0021631,9.8551
0.0018641,9.8643
0.0020971,9.8735
0.0020144,9.8827
0.0020083,9.8919
0.0020717,9.9011
0.0021194,9.9103
0.0018929,9.9195
0.0021319,9.9287
0.001879,9.938
0.0018926,9.9472
0.0019328,9.9564
0.0020737,9.9656
0.001893,9.9748
0.0020335,9.984
0.0020412,9.9932
0.0020154,10.002
0.0020555,10.012
0.0018827,10.021
0.0021008,10.03
0.0020114,10.039
0.002073,10.048
0.0019017,10.058
0.0020052,10.067
0.0020878,10.076
0.0021014,10.085
0.0019916,10.095
0.0018147,10.104
0.0018903,10.113
0.0020219,10.122
0.0020794,10.131
0.0020463,10.141
0.0019387,10.15
0.0022244,10.159
0.0020072,10.168
0.0020866,10.177
0.0019584,10.187
0.0018885,10.196
0.0020685,10.205
0.0021038,10.214
0.0021822,10.223
0.0019471,10.233
0.0018372,10.242
0.0021617,10.251
0.0020264,10.26
0.0018873,10.27
0.0019441,10.279
0.0019191,10.288
0.0021161,10.297
0.0020592,10.306
0.0020243,10.316
0.002024,10.325
0.0019178,10.334
0.0020993,10.343
0.0020346,10.352
0.0019739,10.362
0.0019815,10.371
0.0019898,10.38
0.0019113,10.389
0.0020741,10.398
0.0021392,10.408
0.0022474,10.417
0.0020504,10.426
0.0019177,10.435
0.0020201,10.445
0.0018993,10.454
0.0019387,10.463
0.0019341,10.472
0.0019167,10.481
0.0020378,10.491
0.0018885,10.5
0.0020667,10.509
0.0020795,10.518
0.0021037,10.527
0.001998,10.537
0.0020619,10.546
0.0021803,10.555
0.0020053,10.564
0.0019822,10.573
0.0021772,10.583
0.0017491,10.592
0.0019543,10.601
0.002243,10.61
0.0019528,10.62
0.001944,10.629
0.0018773,10.638
0.0020793,10.647
0.001789,10.656
0.0019201,10.666
0.0020567,10.675
0.0019999,10.684
0.0020624,10.693
0.0020126,10.702
0.0020681,10.712
0.0018713,10.721
0.0020218,10.73
0.0018433,10.739
0.0020783,10.748
0.0019689,10.758
0.0020655,10.767
0.0019463,10.776
0.0020329,10.785
0.0021054,10.795
0.001802,10.804
0.0018133,10.813
0.0018168,10.822
0.0020849,10.831
0.0020405,10.841
0.0019298,10.85
0.0021499,10.859
0.0020138,10.868
0.0018413,10.877
0.0018981,10.887
0.0018615,10.896
0.0020955,10.905
0.0019399,10.914
0.0018828,10.923
0.0019423,10.933
0.0019164,10.942
0.0020853,10.951
0.0020477,10.96
0.0020302,10.97
0.0020416,10.979
0.0020043,10.988
0.0019051,10.997
0.0020542,11.006
0.0019179,11.016
0.0018928,11.025
0.0018926,11.034
0.002087,11.043
0.0020981,11.052
0.0018241,11.062
0.0019852,11.071
0.0020252,11.08
0.001939,11.089
0.0020761,11.098
0.0020254,11.108
0.0019847,11.117
0.0019443,11.126
0.0020677,11.135
0.0020849,11.145
0.0020469,11.154
0.001976,11.163
0.0020921,11.172
0.0019093,11.181
0.0020144,11.191
0.0021396,11.2
0.001981,11.209
0.0019156,11.218
0.0021943,11.227
0.0019753,11.237
0.0020442,11.246
0.0019196,11.255
0.0020288,11.264
0.0020467,11.273
0.0020005,11.283
0.0020326,11.292
0.0021205,11.301
0.0018596,11.31
0.0020206,11.32
0.0018009,11.329
0.0020028,11.338
0.0021931,11.347
0.0020941,11.356
0.0019993,11.366
0.0019662,11.375
0.0020528,11.384
0.0021057,11.393
0.0020015,11.402
0.0021615,11.412
0.0019184,11.421
0.0018002,11.43
0.0019252,11.439
0.0019801,11.448
0.0019627,11.458
0.0019153,11.467
0.0021337,11.476
0.0018384,11.485
0.0019508,11.495
0.0019031,11.504
0.0019526,11.513
0.0019334,11.522
0.0020478,11.531
0.0018959,11.541
0.0019179,11.55
0.0020101,11.559
0.0021084,11.568
0.0018145,11.577
0.00218,11.587
0.0019122,11.596
0.0020648,11.605
0.002105,11.614
0.0021323,11.623
0.0019483,11.633
0.0020024,11.642
0.0019838,11.651
0.0019394,11.66
0.0020272,11.67
0.0020359,11.679
0.0019648,11.688
0.0020132,11.697
0.0022674,11.706
0.0019992,11.716
0.002071,11.725
0.0019537,11.734
0.0019472,11.743
0.0019654,11.752
0.0020565,11.762
0.0019198,11.771
0.0018147,11.78
0.0020053,11.789
0.0019564,11.798
0.002028,11.808
0.0020085,11.817
0.0020729,11.826
0.0020901,11.835
0.0018674,11.844
0.0018475,11.854
0.0020502,11.863
0.0020306,11.872
0.0019061,11.881
0.0021237,11.891
0.0020033,11.9
0.0020124,11.909
0.0020274,11.918
0.0020754,11.927
0.0021524,11.937
0.0019738,11.946
0.0018269,11.955
0.0021013,11.964
0.0019072,11.973
0.0021244,11.983
0.0019411,11.992
0.0021491,12.001
0.0019194,12.01
0.0018887,12.019
0.0020957,12.029
0.0018637,12.038
0.0020681,12.047
0.0020438,12.056
0.0019857,12.066
0.0019658,12.075
0.0022058,12.084
0.0019625,12.093
0.001981,12.102
0.0019061,12.112
0.0019187,12.121
0.0019416,12.13
0.002171,12.139
0.001961,12.148
0.001931,12.158
0.0019552,12.167
0.0020714,12.176
0.0018684,12.185
0.0020627,12.194
0.0018669,12.204
0.0019869,12.213
0.0018173,12.222
0.0020536,12.231
0.0020693,12.241
0.0019312,12.25
0.0020318,12.259
0.0020163,12.268
0.0021159,12.277
0.0020128,12.287
0.0021039,12.296
0.0019883,12.305
0.0019352,12.314
0.0019962,12.323
0.0019801,12.333
0.0020882,12.342
0.0019944,12.351
0.0019159,12.36
0.0019845,12.369
0.0021189,12.379
0.0019585,12.388
0.0019341,12.397
0.0020984,12.406
0.0020101,12.416
0.0019637,12.425
0.0019261,12.434
0.001852,12.443
0.0020153,12.452
0.0019683,12.462
0.0020319,12.471
0.0018543,12.48
0.0021322,12.489
0.0020487,12.498
0.0018433,12.508
0.0021057,12.517
0.0019412,12.526
0.0020302,12.535
0.0020219,12.544
0.0019122,12.554
0.0017139,12.563
0.0020536,12.572
0.0019658,12.581
0.0019402,12.591
0.0020419,12.6
0.001931,12.609
0.0020671,12.618
0.0020151,12.627
0.0019009,12.637
0.0020837,12.646
0.0020475,12.655
0.0021252,12.664
0.0019107,12.673
0.0019105,12.683
0.0020313,12.692
0.0020667,12.701
0.0020828,12.71
0.0020007,12.719
0.0019764,12.729
0.0020653,12.738
0.0021965,12.747
0.0020885,12.756
0.0020085,12.766
0.0019425,12.775
0.00205,12.784
0.0019516,12.793
0.0020238,12.802
0.0020778,12.812
0.0020924,12.821
0.0020588,12.83
0.0021378,12.839
0.0021851,12.848
0.0018102,12.858
0.0018221,12.867
0.0019077,12.876
0.0018002,12.885
0.0019643,12.894
0.0019664,12.904
0.002025,12.913
0.0020286,12.922
0.0019314,12.931
0.0019187,12.941
0.0020793,12.95
0.0019618,12.959
0.0018629,12.968
0.002001,12.977
0.0020204,12.987
0.0019589,12.996
0.0020664,13.005
0.0020226,13.014
0.0019787,13.023
0.0019956,13.033
0.0020458,13.042
0.0019559,13.051
0.0018945,13.06
0.0019844,13.069
0.0020129,13.079
0.0020509,13.088
0.001997,13.097
0.0019543,13.106
0.0020596,13.116
0.0019886,13.125
0.0020807,13.134
0.001991,13.143
0.0019994,13.152
0.0019908,13.162
0.0019079,13.171
0.0019073,13.18
0.0019039,13.189
0.0021785,13.198
0.00198,13.208
0.002094,13.217
0.0020349,13.226
0.0021859,13.235
0.0020927,13.244
0.0018773,13.254
0.0019673,13.263
0.0020892,13.272
0.0020288,13.281
0.0022265,13.291
0.0019952,13.3
0.0018448,13.309
0.0020444,13.318
0.0019088,13.327
0.0020049,13.337
0.0021078,13.346
0.0020308,13.355
0.00203,13.364
0.0019803,13.373
0.0019854,13.383
0.0019897,13.392
0.0017201,13.401
0.0020393,13.41
0.002099,13.419
0.0018702,13.429
0.0018478,13.438
0.0020621,13.447
0.0018492,13.456
0.0018321,13.466
0.0020789,13.475
0.0019346,13.484
0.0021245,13.493
0.0018708,13.502
0.0019386,13.512
0.0020242,13.521
0.0020549,13.53
0.0020468,13.539
0.0020191,13.548
0.001977,13.558
0.0019421,13.567
0.002048,13.576
0.0019613,13.585
0.0020422,13.594
0.0021088,13.604
0.0017751,13.613
0.0021804,13.622
0.0019368,13.631
0.0021316,13.641
0.0021552,13.65
0.0018531,13.659
0.0020177,13.668
0.0023466,13.677
0.0019785,13.687
0.0020486,13.696
0.0020331,13.705
0.0021268,13.714
0.0021091,13.723
0.0019054,13.733
0.0019562,13.742
0.0020343,13.751
0.0019942,13.76
0.0022535,13.769
0.0020439,13.779
0.0020438,13.788
0.0019162,13.797
0.0018692,13.806
0.0020794,13.816
0.0019803,13.825
0.0020649,13.834
0.0019169,13.843
0.0020896,13.852
0.0018187,13.862
0.0021567,13.871
0.0020847,13.88
0.002011,13.889
0.0018839,13.898
0.0019602,13.908
0.0020254,13.917
0.0021208,13.926
0.0018966,13.935
0.0021295,13.944
0.0022768,13.954
0.0019505,13.963
0.0020469,13.972
0.0019343,13.981
0.0018283,13.991
0.0021471,14
0.0020694,14.009
0.0019489,14.018
0.0020113,14.027
0.001977,14.037
0.0018538,14.046
0.0017118,14.055
0.0019953,14.064
0.0019538,14.073
0.0019423,14.083
0.0019154,14.092
0.0018183,14.101
0.0019478,14.11
0.0020161,14.119
0.0018938,14.129
0.002045,14.138
0.0019727,14.147
0.0019899,14.156
0.0018571,14.166
0.0019236,14.175
0.002041,14.184
0.001921,14.193
0.0020162,14.202
0.0021978,14.212
0.0020795,14.221
0.0021037,14.23
0.002236,14.239
0.0021175,14.248
0.0020398,14.258
0.0021951,14.267
0.0019095,14.276
0.0019318,14.285
0.0022018,14.294
0.0020454,14.304
0.0019958,14.313
0.0020458,14.322
0.0019736,14.331
0.0019708,14.34
0.0019613,14.35
0.0019446,14.359
0.0019056,14.368
0.001994,14.377
0.0019425,14.387
0.0021442,14.396
0.0020236,14.405
0.0021021,14.414
0.001986,14.423
0.0019918,14.433
0.0021258,14.442
0.0021469,14.451
0.0020033,14.46
0.0021692,14.469
0.0020476,14.479
0.0020369,14.488
0.0022192,14.497
0.0021536,14.506
0.0020907,14.515
0.0020402,14.525
0.0019462,14.534
0.0019885,14.543
0.0021822,14.552
0.0017978,14.562
0.0019363,14.571
0.0019811,14.58
0.0020148,14.589
0.0018216,14.598
0.0020529,14.608
0.002073,14.617
0.001906,14.626
0.0019741,14.635
0.0018786,14.644
0.0021625,14.654
0.0020374,14.663
0.0019749,14.672
0.0019075,14.681
0.0020099,14.69
0.0021684,14.7
0.0020275,14.709
0.0020353,14.718
0.00188,14.727
0.0020166,14.737
0.0020776,14.746
0.0018619,14.755
0.0021128,14.764
0.0022465,14.773
0.0018442,14.783
0.0017933,14.792
0.0019927,14.801
0.0020759,14.81
0.0019918,14.819
0.0019842,14.829
0.0020006,14.838
0.0018935,14.847
0.0018356,14.856
0.0021582,14.865
0.0020293,14.875
0.0018812,14.884
0.0021076,14.893
0.0018703,14.902
0.0019878,14.912
0.0020741,14.921
0.0019159,14.93
0.0019651,14.939
0.002003,14.948
0.0021952,14.958
0.0020459,14.967
0.0019601,14.976
0.0019775,14.985
0.001972,14.994
0.0021307,15.004
0.0019716,15.013
0.0019208,15.022
0.0020241,15.031
0.0019905,15.04
0.0020793,15.05
0.0020959,15.059
0.0021087,15.068
0.0020647,15.077
0.0020633,15.087
0.0021903,15.096
0.001884,15.105
0.0019653,15.114
0.0018305,15.123
0.0020919,15.133
0.0020022,15.142
0.0019701,15.151
0.0018279,15.16
0.0020183,15.169
0.001974,15.179
0.0018645,15.188
0.0018843,15.197
0.0019238,15.206
0.001975,15.215
0.0018351,15.225
0.0019818,15.234
0.0020616,15.243
0.0019623,15.252
0.0019302,15.262
0.0020304,15.271
0.0021101,15.28
0.0019553,15.289
0.0019533,15.298
0.0018564,15.308
0.0019022,15.317
0.0020606,15.326
0.0019886,15.335
0.0020765,15.344
0.002067,15.354
0.0020376,15.363
0.0020767,15.372
0.0021523,15.381
0.0020577,15.39
0.0020426,15.4
0.0019957,15.409
0.0018758,15.418
0.0019495,15.427
0.0020326,15.437
0.0018889,15.446
0.0020468,15.455
0.0020323,15.464
0.00201,15.473
0.0020301,15.483
0.0020024,15.492
0.0019978,15.501
0.0019991,15.51
0.0020929,15.519
0.001991,15.529
0.0017359,15.538
0.0019514,15.547
0.0020196,15.556
0.002096,15.565
0.002138,15.575
0.0019059,15.584
0.0020761,15.593
0.0020238,15.602
0.0019792,15.612
0.0020025,15.621
0.0019972,15.63
0.002014,15.639
0.0020238,15.648
0.0019328,15.658
0.0018955,15.667
0.0020966,15.676
0.001978,15.685
0.0021415,15.694
0.0019076,15.704
0.0019406,15.713
0.0021421,15.722
0.0021408,15.731
0.0018971,15.74
0.0020207,15.75
0.0021341,15.759
0.0021333,15.768
0.0018715,15.777
0.0021618,15.787
0.0020662,15.796
0.0020227,15.805
0.0019774,15.814
0.0019034,15.823
0.0020095,15.833
0.0019743,15.842
0.002231,15.851
0.002019,15.86
0.0019827,15.869
0.0019986,15.879
0.0019387,15.888
0.0022072,15.897
0.0020637,15.906
0.0020075,15.915
0.0021123,15.925
0.0019967,15.934
0.0019902,15.943
0.0019443,15.952
0.0019385,15.962
0.0021605,15.971
0.0020768,15.98
0.0020087,15.989
